0 428 127 476 11679 316 1995 11 494 1318 280 471
428 0 329 485 4044 0 1518 74 777 673 231 644
127 329 0 291 1407 0 408 35 453 110 877 588
476 485 291 0 8396 13 1144 49 1047 832 2061 902
11679 4044 1407 8396 0 1882 8719 282 10009 8903 4713 4856
316 0 0 13 1882 0 5 0 23 22 84 1
1995 1518 408 1144 8719 5 0 528 3109 2108 284 1341
11 74 35 49 282 0 528 0 1210 63 13 128
494 777 453 1047 10009 23 3109 1210 0 1255 132 1284
1318 673 110 832 8903 22 2108 63 1255 0 182 701
280 231 877 2061 4713 84 284 13 132 182 0 1077
471 644 588 902 4856 1 1341 128 1284 701 1077 0
