0 9102 7122 5050 10550 5370 1054 182
9102 0 4860 4443 2410 3289 1311 45
7122 4860 0 1764 1809 580 193 4
5050 4443 1764 0 1936 2797 832 9
10550 2410 1809 1936 0 1536 4982 0
5370 3289 580 2797 1536 0 533 2
1054 1311 193 832 4982 533 0 0
182 45 4 9 0 2 0 0
